Baseline CNNLSTM model for LHD recognition from 1604201.

Database used for training the model:
/Lac8_D/DISTOOL/JET/Event_Detection/TCV_Validation/LHD/185_shots/

Removed shots from train:
30225, 42514, 32794, 30262, 33446, 34010, 26383, 29511, 30044, 33638

Removed shots from test:
33459

Train TCV
[33281, 45103, 60992, 64067, 60995, 57103, 61000, 61005, 52302, 61009, 30290, 31839, 30310, 61038, 61039, 64647, 64648, 64658, 64659, 33942, 64666, 64670, 64675, 64678, 57000, 64680, 64686, 57009, 57010, 57011, 59061, 57013, 59064, 59066, 61630, 61631, 57024, 57026, 59076, 57077, 57081, 61702, 57094, 61703, 61711, 61712, 61713, 61716, 26386, 57622, 57623, 57624, 61719, 33567, 64820, 61237, 61242, 61246, 31554, 61254, 64327, 58182, 61260, 64335, 64336, 32592, 64340, 64342, 56662, 61275, 47962, 30043, 61279, 61281, 63843, 57706, 64363, 64364, 57715, 64371, 64373, 60275, 53623, 53625, 53627, 53629, 57218, 57732, 60812, 60813, 60814, 57751, 60830, 31650, 33188, 59825, 43454, 32191, 32195, 48580, 32716, 31718, 31211, 30197, 33271, 61043, 65317, 65318, 65482, 65487, 63882, 63943, 63944, 64857, 64858, 64859, 65282, 65288, 68628, 68268, 68631, 68697, 69127, 69133, 69512, 69515, 64392, 64386, 64393, 61044, 61609, 65561, 65564, 65566, 65557, 61055, 61028, 61058, 61060, 63945]

Test TCV
[61057, 64770, 57093, 64774, 57095, 34309, 32911, 61714, 64662, 62744, 45105, 59065, 64060, 30268, 31807, 59073, 60097, 61010, 42197, 61274, 58460, 61021, 53601, 64369, 64376, 69129, 65336, 65481, 69514, 61042, 63236, 63250, 61608, 61277]
